{
 "cells": [
  {
   "cell_type": "code",
   "execution_count": 1,
   "id": "08e92cfb-55ca-4775-8e35-c3b364805380",
   "metadata": {},
   "outputs": [],
   "source": [
    "import pandas as pd"
   ]
  },
  {
   "cell_type": "code",
   "execution_count": 2,
   "id": "47c6327d-ec41-4a09-a648-5b19f408d1e0",
   "metadata": {},
   "outputs": [],
   "source": [
    "dataset=pd.read_csv('preckd.csv')"
   ]
  },
  {
   "cell_type": "code",
   "execution_count": 3,
   "id": "8836db65-bfd4-4687-be23-ebd110557a53",
   "metadata": {},
   "outputs": [
    {
     "data": {
      "text/html": [
       "<div>\n",
       "<style scoped>\n",
       "    .dataframe tbody tr th:only-of-type {\n",
       "        vertical-align: middle;\n",
       "    }\n",
       "\n",
       "    .dataframe tbody tr th {\n",
       "        vertical-align: top;\n",
       "    }\n",
       "\n",
       "    .dataframe thead th {\n",
       "        text-align: right;\n",
       "    }\n",
       "</style>\n",
       "<table border=\"1\" class=\"dataframe\">\n",
       "  <thead>\n",
       "    <tr style=\"text-align: right;\">\n",
       "      <th></th>\n",
       "      <th>id</th>\n",
       "      <th>age</th>\n",
       "      <th>bp</th>\n",
       "      <th>sg</th>\n",
       "      <th>al</th>\n",
       "      <th>su</th>\n",
       "      <th>bgr</th>\n",
       "      <th>bu</th>\n",
       "      <th>sc</th>\n",
       "      <th>sod</th>\n",
       "      <th>...</th>\n",
       "      <th>pcv</th>\n",
       "      <th>wc</th>\n",
       "      <th>rc</th>\n",
       "      <th>htn</th>\n",
       "      <th>dm</th>\n",
       "      <th>cad</th>\n",
       "      <th>appet</th>\n",
       "      <th>pe</th>\n",
       "      <th>ane</th>\n",
       "      <th>classification</th>\n",
       "    </tr>\n",
       "  </thead>\n",
       "  <tbody>\n",
       "    <tr>\n",
       "      <th>0</th>\n",
       "      <td>0.0</td>\n",
       "      <td>48.0</td>\n",
       "      <td>80.0</td>\n",
       "      <td>1.020</td>\n",
       "      <td>1.0</td>\n",
       "      <td>0.0</td>\n",
       "      <td>121.000000</td>\n",
       "      <td>36.0</td>\n",
       "      <td>1.2</td>\n",
       "      <td>137.528754</td>\n",
       "      <td>...</td>\n",
       "      <td>44</td>\n",
       "      <td>7800</td>\n",
       "      <td>5.2</td>\n",
       "      <td>yes</td>\n",
       "      <td>yes</td>\n",
       "      <td>no</td>\n",
       "      <td>good</td>\n",
       "      <td>no</td>\n",
       "      <td>no</td>\n",
       "      <td>ckd</td>\n",
       "    </tr>\n",
       "    <tr>\n",
       "      <th>1</th>\n",
       "      <td>1.0</td>\n",
       "      <td>7.0</td>\n",
       "      <td>50.0</td>\n",
       "      <td>1.020</td>\n",
       "      <td>4.0</td>\n",
       "      <td>0.0</td>\n",
       "      <td>148.036517</td>\n",
       "      <td>18.0</td>\n",
       "      <td>0.8</td>\n",
       "      <td>137.528754</td>\n",
       "      <td>...</td>\n",
       "      <td>38</td>\n",
       "      <td>6000</td>\n",
       "      <td>5.2</td>\n",
       "      <td>no</td>\n",
       "      <td>no</td>\n",
       "      <td>no</td>\n",
       "      <td>good</td>\n",
       "      <td>no</td>\n",
       "      <td>no</td>\n",
       "      <td>ckd</td>\n",
       "    </tr>\n",
       "    <tr>\n",
       "      <th>2</th>\n",
       "      <td>2.0</td>\n",
       "      <td>62.0</td>\n",
       "      <td>80.0</td>\n",
       "      <td>1.010</td>\n",
       "      <td>2.0</td>\n",
       "      <td>3.0</td>\n",
       "      <td>423.000000</td>\n",
       "      <td>53.0</td>\n",
       "      <td>1.8</td>\n",
       "      <td>137.528754</td>\n",
       "      <td>...</td>\n",
       "      <td>31</td>\n",
       "      <td>7500</td>\n",
       "      <td>5.2</td>\n",
       "      <td>no</td>\n",
       "      <td>yes</td>\n",
       "      <td>no</td>\n",
       "      <td>poor</td>\n",
       "      <td>no</td>\n",
       "      <td>yes</td>\n",
       "      <td>ckd</td>\n",
       "    </tr>\n",
       "    <tr>\n",
       "      <th>3</th>\n",
       "      <td>3.0</td>\n",
       "      <td>48.0</td>\n",
       "      <td>70.0</td>\n",
       "      <td>1.005</td>\n",
       "      <td>4.0</td>\n",
       "      <td>0.0</td>\n",
       "      <td>117.000000</td>\n",
       "      <td>56.0</td>\n",
       "      <td>3.8</td>\n",
       "      <td>111.000000</td>\n",
       "      <td>...</td>\n",
       "      <td>32</td>\n",
       "      <td>6700</td>\n",
       "      <td>3.9</td>\n",
       "      <td>yes</td>\n",
       "      <td>no</td>\n",
       "      <td>no</td>\n",
       "      <td>poor</td>\n",
       "      <td>yes</td>\n",
       "      <td>yes</td>\n",
       "      <td>ckd</td>\n",
       "    </tr>\n",
       "    <tr>\n",
       "      <th>4</th>\n",
       "      <td>4.0</td>\n",
       "      <td>51.0</td>\n",
       "      <td>80.0</td>\n",
       "      <td>1.010</td>\n",
       "      <td>2.0</td>\n",
       "      <td>0.0</td>\n",
       "      <td>106.000000</td>\n",
       "      <td>26.0</td>\n",
       "      <td>1.4</td>\n",
       "      <td>137.528754</td>\n",
       "      <td>...</td>\n",
       "      <td>35</td>\n",
       "      <td>7300</td>\n",
       "      <td>4.6</td>\n",
       "      <td>no</td>\n",
       "      <td>no</td>\n",
       "      <td>no</td>\n",
       "      <td>good</td>\n",
       "      <td>no</td>\n",
       "      <td>no</td>\n",
       "      <td>ckd</td>\n",
       "    </tr>\n",
       "    <tr>\n",
       "      <th>...</th>\n",
       "      <td>...</td>\n",
       "      <td>...</td>\n",
       "      <td>...</td>\n",
       "      <td>...</td>\n",
       "      <td>...</td>\n",
       "      <td>...</td>\n",
       "      <td>...</td>\n",
       "      <td>...</td>\n",
       "      <td>...</td>\n",
       "      <td>...</td>\n",
       "      <td>...</td>\n",
       "      <td>...</td>\n",
       "      <td>...</td>\n",
       "      <td>...</td>\n",
       "      <td>...</td>\n",
       "      <td>...</td>\n",
       "      <td>...</td>\n",
       "      <td>...</td>\n",
       "      <td>...</td>\n",
       "      <td>...</td>\n",
       "      <td>...</td>\n",
       "    </tr>\n",
       "    <tr>\n",
       "      <th>395</th>\n",
       "      <td>395.0</td>\n",
       "      <td>55.0</td>\n",
       "      <td>80.0</td>\n",
       "      <td>1.020</td>\n",
       "      <td>0.0</td>\n",
       "      <td>0.0</td>\n",
       "      <td>140.000000</td>\n",
       "      <td>49.0</td>\n",
       "      <td>0.5</td>\n",
       "      <td>150.000000</td>\n",
       "      <td>...</td>\n",
       "      <td>47</td>\n",
       "      <td>6700</td>\n",
       "      <td>4.9</td>\n",
       "      <td>no</td>\n",
       "      <td>no</td>\n",
       "      <td>no</td>\n",
       "      <td>good</td>\n",
       "      <td>no</td>\n",
       "      <td>no</td>\n",
       "      <td>notckd</td>\n",
       "    </tr>\n",
       "    <tr>\n",
       "      <th>396</th>\n",
       "      <td>396.0</td>\n",
       "      <td>42.0</td>\n",
       "      <td>70.0</td>\n",
       "      <td>1.025</td>\n",
       "      <td>0.0</td>\n",
       "      <td>0.0</td>\n",
       "      <td>75.000000</td>\n",
       "      <td>31.0</td>\n",
       "      <td>1.2</td>\n",
       "      <td>141.000000</td>\n",
       "      <td>...</td>\n",
       "      <td>54</td>\n",
       "      <td>7800</td>\n",
       "      <td>6.2</td>\n",
       "      <td>no</td>\n",
       "      <td>no</td>\n",
       "      <td>no</td>\n",
       "      <td>good</td>\n",
       "      <td>no</td>\n",
       "      <td>no</td>\n",
       "      <td>notckd</td>\n",
       "    </tr>\n",
       "    <tr>\n",
       "      <th>397</th>\n",
       "      <td>397.0</td>\n",
       "      <td>12.0</td>\n",
       "      <td>80.0</td>\n",
       "      <td>1.020</td>\n",
       "      <td>0.0</td>\n",
       "      <td>0.0</td>\n",
       "      <td>100.000000</td>\n",
       "      <td>26.0</td>\n",
       "      <td>0.6</td>\n",
       "      <td>137.000000</td>\n",
       "      <td>...</td>\n",
       "      <td>49</td>\n",
       "      <td>6600</td>\n",
       "      <td>5.4</td>\n",
       "      <td>no</td>\n",
       "      <td>no</td>\n",
       "      <td>no</td>\n",
       "      <td>good</td>\n",
       "      <td>no</td>\n",
       "      <td>no</td>\n",
       "      <td>notckd</td>\n",
       "    </tr>\n",
       "    <tr>\n",
       "      <th>398</th>\n",
       "      <td>398.0</td>\n",
       "      <td>17.0</td>\n",
       "      <td>60.0</td>\n",
       "      <td>1.025</td>\n",
       "      <td>0.0</td>\n",
       "      <td>0.0</td>\n",
       "      <td>114.000000</td>\n",
       "      <td>50.0</td>\n",
       "      <td>1.0</td>\n",
       "      <td>135.000000</td>\n",
       "      <td>...</td>\n",
       "      <td>51</td>\n",
       "      <td>7200</td>\n",
       "      <td>5.9</td>\n",
       "      <td>no</td>\n",
       "      <td>no</td>\n",
       "      <td>no</td>\n",
       "      <td>good</td>\n",
       "      <td>no</td>\n",
       "      <td>no</td>\n",
       "      <td>notckd</td>\n",
       "    </tr>\n",
       "    <tr>\n",
       "      <th>399</th>\n",
       "      <td>399.0</td>\n",
       "      <td>58.0</td>\n",
       "      <td>80.0</td>\n",
       "      <td>1.025</td>\n",
       "      <td>0.0</td>\n",
       "      <td>0.0</td>\n",
       "      <td>131.000000</td>\n",
       "      <td>18.0</td>\n",
       "      <td>1.1</td>\n",
       "      <td>141.000000</td>\n",
       "      <td>...</td>\n",
       "      <td>53</td>\n",
       "      <td>6800</td>\n",
       "      <td>6.1</td>\n",
       "      <td>no</td>\n",
       "      <td>no</td>\n",
       "      <td>no</td>\n",
       "      <td>good</td>\n",
       "      <td>no</td>\n",
       "      <td>no</td>\n",
       "      <td>notckd</td>\n",
       "    </tr>\n",
       "  </tbody>\n",
       "</table>\n",
       "<p>400 rows × 26 columns</p>\n",
       "</div>"
      ],
      "text/plain": [
       "        id   age    bp     sg   al   su         bgr    bu   sc         sod  \\\n",
       "0      0.0  48.0  80.0  1.020  1.0  0.0  121.000000  36.0  1.2  137.528754   \n",
       "1      1.0   7.0  50.0  1.020  4.0  0.0  148.036517  18.0  0.8  137.528754   \n",
       "2      2.0  62.0  80.0  1.010  2.0  3.0  423.000000  53.0  1.8  137.528754   \n",
       "3      3.0  48.0  70.0  1.005  4.0  0.0  117.000000  56.0  3.8  111.000000   \n",
       "4      4.0  51.0  80.0  1.010  2.0  0.0  106.000000  26.0  1.4  137.528754   \n",
       "..     ...   ...   ...    ...  ...  ...         ...   ...  ...         ...   \n",
       "395  395.0  55.0  80.0  1.020  0.0  0.0  140.000000  49.0  0.5  150.000000   \n",
       "396  396.0  42.0  70.0  1.025  0.0  0.0   75.000000  31.0  1.2  141.000000   \n",
       "397  397.0  12.0  80.0  1.020  0.0  0.0  100.000000  26.0  0.6  137.000000   \n",
       "398  398.0  17.0  60.0  1.025  0.0  0.0  114.000000  50.0  1.0  135.000000   \n",
       "399  399.0  58.0  80.0  1.025  0.0  0.0  131.000000  18.0  1.1  141.000000   \n",
       "\n",
       "     ...  pcv    wc   rc  htn   dm cad appet   pe  ane classification  \n",
       "0    ...   44  7800  5.2  yes  yes  no  good   no   no            ckd  \n",
       "1    ...   38  6000  5.2   no   no  no  good   no   no            ckd  \n",
       "2    ...   31  7500  5.2   no  yes  no  poor   no  yes            ckd  \n",
       "3    ...   32  6700  3.9  yes   no  no  poor  yes  yes            ckd  \n",
       "4    ...   35  7300  4.6   no   no  no  good   no   no            ckd  \n",
       "..   ...  ...   ...  ...  ...  ...  ..   ...  ...  ...            ...  \n",
       "395  ...   47  6700  4.9   no   no  no  good   no   no         notckd  \n",
       "396  ...   54  7800  6.2   no   no  no  good   no   no         notckd  \n",
       "397  ...   49  6600  5.4   no   no  no  good   no   no         notckd  \n",
       "398  ...   51  7200  5.9   no   no  no  good   no   no         notckd  \n",
       "399  ...   53  6800  6.1   no   no  no  good   no   no         notckd  \n",
       "\n",
       "[400 rows x 26 columns]"
      ]
     },
     "execution_count": 3,
     "metadata": {},
     "output_type": "execute_result"
    }
   ],
   "source": [
    "dataset"
   ]
  },
  {
   "cell_type": "code",
   "execution_count": 4,
   "id": "92a2075c-7cfe-45ed-bed4-a5171926b80c",
   "metadata": {},
   "outputs": [
    {
     "data": {
      "text/plain": [
       "id                0\n",
       "age               0\n",
       "bp                0\n",
       "sg                0\n",
       "al                0\n",
       "su                0\n",
       "bgr               0\n",
       "bu                0\n",
       "sc                0\n",
       "sod               0\n",
       "pot               0\n",
       "hemo              0\n",
       "rbc               0\n",
       "pc                0\n",
       "pcc               0\n",
       "ba                0\n",
       "pcv               0\n",
       "wc                0\n",
       "rc                0\n",
       "htn               0\n",
       "dm                0\n",
       "cad               0\n",
       "appet             0\n",
       "pe                0\n",
       "ane               0\n",
       "classification    0\n",
       "dtype: int64"
      ]
     },
     "execution_count": 4,
     "metadata": {},
     "output_type": "execute_result"
    }
   ],
   "source": [
    "dataset.isna().sum()"
   ]
  },
  {
   "cell_type": "code",
   "execution_count": 5,
   "id": "36fd88d2-0b27-4d60-9c4d-ecc7c8c1b432",
   "metadata": {},
   "outputs": [
    {
     "data": {
      "text/html": [
       "<div>\n",
       "<style scoped>\n",
       "    .dataframe tbody tr th:only-of-type {\n",
       "        vertical-align: middle;\n",
       "    }\n",
       "\n",
       "    .dataframe tbody tr th {\n",
       "        vertical-align: top;\n",
       "    }\n",
       "\n",
       "    .dataframe thead th {\n",
       "        text-align: right;\n",
       "    }\n",
       "</style>\n",
       "<table border=\"1\" class=\"dataframe\">\n",
       "  <thead>\n",
       "    <tr style=\"text-align: right;\">\n",
       "      <th></th>\n",
       "      <th>id</th>\n",
       "      <th>age</th>\n",
       "      <th>bp</th>\n",
       "      <th>sg</th>\n",
       "      <th>al</th>\n",
       "      <th>su</th>\n",
       "      <th>bgr</th>\n",
       "      <th>bu</th>\n",
       "      <th>sc</th>\n",
       "      <th>sod</th>\n",
       "      <th>pot</th>\n",
       "      <th>hemo</th>\n",
       "    </tr>\n",
       "  </thead>\n",
       "  <tbody>\n",
       "    <tr>\n",
       "      <th>id</th>\n",
       "      <td>13366.666667</td>\n",
       "      <td>-361.193393</td>\n",
       "      <td>-379.747371</td>\n",
       "      <td>0.380923</td>\n",
       "      <td>-76.496963</td>\n",
       "      <td>-32.294611</td>\n",
       "      <td>-2766.154199</td>\n",
       "      <td>-1714.817902</td>\n",
       "      <td>-171.909656</td>\n",
       "      <td>343.787068</td>\n",
       "      <td>-26.577451</td>\n",
       "      <td>191.401051</td>\n",
       "    </tr>\n",
       "    <tr>\n",
       "      <th>age</th>\n",
       "      <td>-361.193393</td>\n",
       "      <td>288.149479</td>\n",
       "      <td>33.857376</td>\n",
       "      <td>-0.016458</td>\n",
       "      <td>2.478621</td>\n",
       "      <td>3.632401</td>\n",
       "      <td>272.179167</td>\n",
       "      <td>156.904538</td>\n",
       "      <td>12.140438</td>\n",
       "      <td>-13.428839</td>\n",
       "      <td>2.400393</td>\n",
       "      <td>-8.086230</td>\n",
       "    </tr>\n",
       "    <tr>\n",
       "      <th>bp</th>\n",
       "      <td>-379.747371</td>\n",
       "      <td>33.857376</td>\n",
       "      <td>181.610599</td>\n",
       "      <td>-0.013203</td>\n",
       "      <td>2.513501</td>\n",
       "      <td>2.785607</td>\n",
       "      <td>150.262399</td>\n",
       "      <td>122.191045</td>\n",
       "      <td>10.928382</td>\n",
       "      <td>-12.803326</td>\n",
       "      <td>2.532647</td>\n",
       "      <td>-10.232094</td>\n",
       "    </tr>\n",
       "    <tr>\n",
       "      <th>sg</th>\n",
       "      <td>0.380923</td>\n",
       "      <td>-0.016458</td>\n",
       "      <td>-0.013203</td>\n",
       "      <td>0.000029</td>\n",
       "      <td>-0.003188</td>\n",
       "      <td>-0.001592</td>\n",
       "      <td>-0.131037</td>\n",
       "      <td>-0.073719</td>\n",
       "      <td>-0.006440</td>\n",
       "      <td>0.012002</td>\n",
       "      <td>-0.000936</td>\n",
       "      <td>0.007755</td>\n",
       "    </tr>\n",
       "    <tr>\n",
       "      <th>al</th>\n",
       "      <td>-76.496963</td>\n",
       "      <td>2.478621</td>\n",
       "      <td>2.513501</td>\n",
       "      <td>-0.003188</td>\n",
       "      <td>1.618793</td>\n",
       "      <td>0.351127</td>\n",
       "      <td>31.056027</td>\n",
       "      <td>25.445278</td>\n",
       "      <td>1.647291</td>\n",
       "      <td>-3.177322</td>\n",
       "      <td>0.410525</td>\n",
       "      <td>-1.899660</td>\n",
       "    </tr>\n",
       "    <tr>\n",
       "      <th>su</th>\n",
       "      <td>-32.294611</td>\n",
       "      <td>3.632401</td>\n",
       "      <td>2.785607</td>\n",
       "      <td>-0.001592</td>\n",
       "      <td>0.351127</td>\n",
       "      <td>1.059843</td>\n",
       "      <td>49.209490</td>\n",
       "      <td>7.721802</td>\n",
       "      <td>0.752512</td>\n",
       "      <td>-0.698504</td>\n",
       "      <td>0.525474</td>\n",
       "      <td>-0.535536</td>\n",
       "    </tr>\n",
       "    <tr>\n",
       "      <th>bgr</th>\n",
       "      <td>-2766.154199</td>\n",
       "      <td>272.179167</td>\n",
       "      <td>150.262399</td>\n",
       "      <td>-0.131037</td>\n",
       "      <td>31.056027</td>\n",
       "      <td>49.209490</td>\n",
       "      <td>5592.442419</td>\n",
       "      <td>469.891401</td>\n",
       "      <td>34.549088</td>\n",
       "      <td>-106.272070</td>\n",
       "      <td>11.955384</td>\n",
       "      <td>-54.670262</td>\n",
       "    </tr>\n",
       "    <tr>\n",
       "      <th>bu</th>\n",
       "      <td>-1714.817902</td>\n",
       "      <td>156.904538</td>\n",
       "      <td>122.191045</td>\n",
       "      <td>-0.073719</td>\n",
       "      <td>25.445278</td>\n",
       "      <td>7.721802</td>\n",
       "      <td>469.891401</td>\n",
       "      <td>2429.098666</td>\n",
       "      <td>160.918988</td>\n",
       "      <td>-139.430873</td>\n",
       "      <td>46.831829</td>\n",
       "      <td>-72.375026</td>\n",
       "    </tr>\n",
       "    <tr>\n",
       "      <th>sc</th>\n",
       "      <td>-171.909656</td>\n",
       "      <td>12.140438</td>\n",
       "      <td>10.928382</td>\n",
       "      <td>-0.006440</td>\n",
       "      <td>1.647291</td>\n",
       "      <td>0.752512</td>\n",
       "      <td>34.549088</td>\n",
       "      <td>160.918988</td>\n",
       "      <td>31.556195</td>\n",
       "      <td>-32.289274</td>\n",
       "      <td>3.252710</td>\n",
       "      <td>-5.219467</td>\n",
       "    </tr>\n",
       "    <tr>\n",
       "      <th>sod</th>\n",
       "      <td>343.787068</td>\n",
       "      <td>-13.428839</td>\n",
       "      <td>-12.803326</td>\n",
       "      <td>0.012002</td>\n",
       "      <td>-3.177322</td>\n",
       "      <td>-0.698504</td>\n",
       "      <td>-106.272070</td>\n",
       "      <td>-139.430873</td>\n",
       "      <td>-32.289274</td>\n",
       "      <td>84.718650</td>\n",
       "      <td>1.750580</td>\n",
       "      <td>8.340478</td>\n",
       "    </tr>\n",
       "    <tr>\n",
       "      <th>pot</th>\n",
       "      <td>-26.577451</td>\n",
       "      <td>2.400393</td>\n",
       "      <td>2.532647</td>\n",
       "      <td>-0.000936</td>\n",
       "      <td>0.410525</td>\n",
       "      <td>0.525474</td>\n",
       "      <td>11.955384</td>\n",
       "      <td>46.831829</td>\n",
       "      <td>3.252710</td>\n",
       "      <td>1.750580</td>\n",
       "      <td>7.951174</td>\n",
       "      <td>-0.770539</td>\n",
       "    </tr>\n",
       "    <tr>\n",
       "      <th>hemo</th>\n",
       "      <td>191.401051</td>\n",
       "      <td>-8.086230</td>\n",
       "      <td>-10.232094</td>\n",
       "      <td>0.007755</td>\n",
       "      <td>-1.899660</td>\n",
       "      <td>-0.535536</td>\n",
       "      <td>-54.670262</td>\n",
       "      <td>-72.375026</td>\n",
       "      <td>-5.219467</td>\n",
       "      <td>8.340478</td>\n",
       "      <td>-0.770539</td>\n",
       "      <td>7.377586</td>\n",
       "    </tr>\n",
       "  </tbody>\n",
       "</table>\n",
       "</div>"
      ],
      "text/plain": [
       "                id         age          bp        sg         al         su  \\\n",
       "id    13366.666667 -361.193393 -379.747371  0.380923 -76.496963 -32.294611   \n",
       "age    -361.193393  288.149479   33.857376 -0.016458   2.478621   3.632401   \n",
       "bp     -379.747371   33.857376  181.610599 -0.013203   2.513501   2.785607   \n",
       "sg        0.380923   -0.016458   -0.013203  0.000029  -0.003188  -0.001592   \n",
       "al      -76.496963    2.478621    2.513501 -0.003188   1.618793   0.351127   \n",
       "su      -32.294611    3.632401    2.785607 -0.001592   0.351127   1.059843   \n",
       "bgr   -2766.154199  272.179167  150.262399 -0.131037  31.056027  49.209490   \n",
       "bu    -1714.817902  156.904538  122.191045 -0.073719  25.445278   7.721802   \n",
       "sc     -171.909656   12.140438   10.928382 -0.006440   1.647291   0.752512   \n",
       "sod     343.787068  -13.428839  -12.803326  0.012002  -3.177322  -0.698504   \n",
       "pot     -26.577451    2.400393    2.532647 -0.000936   0.410525   0.525474   \n",
       "hemo    191.401051   -8.086230  -10.232094  0.007755  -1.899660  -0.535536   \n",
       "\n",
       "              bgr           bu          sc         sod        pot        hemo  \n",
       "id   -2766.154199 -1714.817902 -171.909656  343.787068 -26.577451  191.401051  \n",
       "age    272.179167   156.904538   12.140438  -13.428839   2.400393   -8.086230  \n",
       "bp     150.262399   122.191045   10.928382  -12.803326   2.532647  -10.232094  \n",
       "sg      -0.131037    -0.073719   -0.006440    0.012002  -0.000936    0.007755  \n",
       "al      31.056027    25.445278    1.647291   -3.177322   0.410525   -1.899660  \n",
       "su      49.209490     7.721802    0.752512   -0.698504   0.525474   -0.535536  \n",
       "bgr   5592.442419   469.891401   34.549088 -106.272070  11.955384  -54.670262  \n",
       "bu     469.891401  2429.098666  160.918988 -139.430873  46.831829  -72.375026  \n",
       "sc      34.549088   160.918988   31.556195  -32.289274   3.252710   -5.219467  \n",
       "sod   -106.272070  -139.430873  -32.289274   84.718650   1.750580    8.340478  \n",
       "pot     11.955384    46.831829    3.252710    1.750580   7.951174   -0.770539  \n",
       "hemo   -54.670262   -72.375026   -5.219467    8.340478  -0.770539    7.377586  "
      ]
     },
     "execution_count": 5,
     "metadata": {},
     "output_type": "execute_result"
    }
   ],
   "source": [
    "dataset.cov(numeric_only=True)"
   ]
  },
  {
   "cell_type": "code",
   "execution_count": 6,
   "id": "9934b201-922a-4051-8017-eda3d2e63fde",
   "metadata": {},
   "outputs": [
    {
     "data": {
      "text/html": [
       "<div>\n",
       "<style scoped>\n",
       "    .dataframe tbody tr th:only-of-type {\n",
       "        vertical-align: middle;\n",
       "    }\n",
       "\n",
       "    .dataframe tbody tr th {\n",
       "        vertical-align: top;\n",
       "    }\n",
       "\n",
       "    .dataframe thead th {\n",
       "        text-align: right;\n",
       "    }\n",
       "</style>\n",
       "<table border=\"1\" class=\"dataframe\">\n",
       "  <thead>\n",
       "    <tr style=\"text-align: right;\">\n",
       "      <th></th>\n",
       "      <th>id</th>\n",
       "      <th>age</th>\n",
       "      <th>bp</th>\n",
       "      <th>sg</th>\n",
       "      <th>al</th>\n",
       "      <th>su</th>\n",
       "      <th>bgr</th>\n",
       "      <th>bu</th>\n",
       "      <th>sc</th>\n",
       "      <th>sod</th>\n",
       "      <th>pot</th>\n",
       "      <th>hemo</th>\n",
       "    </tr>\n",
       "  </thead>\n",
       "  <tbody>\n",
       "    <tr>\n",
       "      <th>id</th>\n",
       "      <td>1.000000</td>\n",
       "      <td>-0.184043</td>\n",
       "      <td>-0.243732</td>\n",
       "      <td>0.613623</td>\n",
       "      <td>-0.520040</td>\n",
       "      <td>-0.271330</td>\n",
       "      <td>-0.319937</td>\n",
       "      <td>-0.300943</td>\n",
       "      <td>-0.264695</td>\n",
       "      <td>0.323064</td>\n",
       "      <td>-0.081524</td>\n",
       "      <td>0.609503</td>\n",
       "    </tr>\n",
       "    <tr>\n",
       "      <th>age</th>\n",
       "      <td>-0.184043</td>\n",
       "      <td>1.000000</td>\n",
       "      <td>0.148004</td>\n",
       "      <td>-0.180570</td>\n",
       "      <td>0.114764</td>\n",
       "      <td>0.207857</td>\n",
       "      <td>0.214410</td>\n",
       "      <td>0.187544</td>\n",
       "      <td>0.127316</td>\n",
       "      <td>-0.085949</td>\n",
       "      <td>0.050148</td>\n",
       "      <td>-0.175380</td>\n",
       "    </tr>\n",
       "    <tr>\n",
       "      <th>bp</th>\n",
       "      <td>-0.243732</td>\n",
       "      <td>0.148004</td>\n",
       "      <td>1.000000</td>\n",
       "      <td>-0.182463</td>\n",
       "      <td>0.146593</td>\n",
       "      <td>0.200784</td>\n",
       "      <td>0.149100</td>\n",
       "      <td>0.183970</td>\n",
       "      <td>0.144359</td>\n",
       "      <td>-0.103220</td>\n",
       "      <td>0.066648</td>\n",
       "      <td>-0.279535</td>\n",
       "    </tr>\n",
       "    <tr>\n",
       "      <th>sg</th>\n",
       "      <td>0.613623</td>\n",
       "      <td>-0.180570</td>\n",
       "      <td>-0.182463</td>\n",
       "      <td>1.000000</td>\n",
       "      <td>-0.466698</td>\n",
       "      <td>-0.287993</td>\n",
       "      <td>-0.326339</td>\n",
       "      <td>-0.278568</td>\n",
       "      <td>-0.213513</td>\n",
       "      <td>0.242841</td>\n",
       "      <td>-0.061821</td>\n",
       "      <td>0.531755</td>\n",
       "    </tr>\n",
       "    <tr>\n",
       "      <th>al</th>\n",
       "      <td>-0.520040</td>\n",
       "      <td>0.114764</td>\n",
       "      <td>0.146593</td>\n",
       "      <td>-0.466698</td>\n",
       "      <td>1.000000</td>\n",
       "      <td>0.268070</td>\n",
       "      <td>0.326400</td>\n",
       "      <td>0.405778</td>\n",
       "      <td>0.230479</td>\n",
       "      <td>-0.271316</td>\n",
       "      <td>0.114427</td>\n",
       "      <td>-0.549697</td>\n",
       "    </tr>\n",
       "    <tr>\n",
       "      <th>su</th>\n",
       "      <td>-0.271330</td>\n",
       "      <td>0.207857</td>\n",
       "      <td>0.200784</td>\n",
       "      <td>-0.287993</td>\n",
       "      <td>0.268070</td>\n",
       "      <td>1.000000</td>\n",
       "      <td>0.639186</td>\n",
       "      <td>0.152186</td>\n",
       "      <td>0.130122</td>\n",
       "      <td>-0.073715</td>\n",
       "      <td>0.181015</td>\n",
       "      <td>-0.191518</td>\n",
       "    </tr>\n",
       "    <tr>\n",
       "      <th>bgr</th>\n",
       "      <td>-0.319937</td>\n",
       "      <td>0.214410</td>\n",
       "      <td>0.149100</td>\n",
       "      <td>-0.326339</td>\n",
       "      <td>0.326400</td>\n",
       "      <td>0.639186</td>\n",
       "      <td>1.000000</td>\n",
       "      <td>0.127489</td>\n",
       "      <td>0.082242</td>\n",
       "      <td>-0.154393</td>\n",
       "      <td>0.056695</td>\n",
       "      <td>-0.269149</td>\n",
       "    </tr>\n",
       "    <tr>\n",
       "      <th>bu</th>\n",
       "      <td>-0.300943</td>\n",
       "      <td>0.187544</td>\n",
       "      <td>0.183970</td>\n",
       "      <td>-0.278568</td>\n",
       "      <td>0.405778</td>\n",
       "      <td>0.152186</td>\n",
       "      <td>0.127489</td>\n",
       "      <td>1.000000</td>\n",
       "      <td>0.581222</td>\n",
       "      <td>-0.307360</td>\n",
       "      <td>0.336979</td>\n",
       "      <td>-0.540641</td>\n",
       "    </tr>\n",
       "    <tr>\n",
       "      <th>sc</th>\n",
       "      <td>-0.264695</td>\n",
       "      <td>0.127316</td>\n",
       "      <td>0.144359</td>\n",
       "      <td>-0.213513</td>\n",
       "      <td>0.230479</td>\n",
       "      <td>0.130122</td>\n",
       "      <td>0.082242</td>\n",
       "      <td>0.581222</td>\n",
       "      <td>1.000000</td>\n",
       "      <td>-0.624491</td>\n",
       "      <td>0.205347</td>\n",
       "      <td>-0.342079</td>\n",
       "    </tr>\n",
       "    <tr>\n",
       "      <th>sod</th>\n",
       "      <td>0.323064</td>\n",
       "      <td>-0.085949</td>\n",
       "      <td>-0.103220</td>\n",
       "      <td>0.242841</td>\n",
       "      <td>-0.271316</td>\n",
       "      <td>-0.073715</td>\n",
       "      <td>-0.154393</td>\n",
       "      <td>-0.307360</td>\n",
       "      <td>-0.624491</td>\n",
       "      <td>1.000000</td>\n",
       "      <td>0.067449</td>\n",
       "      <td>0.333614</td>\n",
       "    </tr>\n",
       "    <tr>\n",
       "      <th>pot</th>\n",
       "      <td>-0.081524</td>\n",
       "      <td>0.050148</td>\n",
       "      <td>0.066648</td>\n",
       "      <td>-0.061821</td>\n",
       "      <td>0.114427</td>\n",
       "      <td>0.181015</td>\n",
       "      <td>0.056695</td>\n",
       "      <td>0.336979</td>\n",
       "      <td>0.205347</td>\n",
       "      <td>0.067449</td>\n",
       "      <td>1.000000</td>\n",
       "      <td>-0.100606</td>\n",
       "    </tr>\n",
       "    <tr>\n",
       "      <th>hemo</th>\n",
       "      <td>0.609503</td>\n",
       "      <td>-0.175380</td>\n",
       "      <td>-0.279535</td>\n",
       "      <td>0.531755</td>\n",
       "      <td>-0.549697</td>\n",
       "      <td>-0.191518</td>\n",
       "      <td>-0.269149</td>\n",
       "      <td>-0.540641</td>\n",
       "      <td>-0.342079</td>\n",
       "      <td>0.333614</td>\n",
       "      <td>-0.100606</td>\n",
       "      <td>1.000000</td>\n",
       "    </tr>\n",
       "  </tbody>\n",
       "</table>\n",
       "</div>"
      ],
      "text/plain": [
       "            id       age        bp        sg        al        su       bgr  \\\n",
       "id    1.000000 -0.184043 -0.243732  0.613623 -0.520040 -0.271330 -0.319937   \n",
       "age  -0.184043  1.000000  0.148004 -0.180570  0.114764  0.207857  0.214410   \n",
       "bp   -0.243732  0.148004  1.000000 -0.182463  0.146593  0.200784  0.149100   \n",
       "sg    0.613623 -0.180570 -0.182463  1.000000 -0.466698 -0.287993 -0.326339   \n",
       "al   -0.520040  0.114764  0.146593 -0.466698  1.000000  0.268070  0.326400   \n",
       "su   -0.271330  0.207857  0.200784 -0.287993  0.268070  1.000000  0.639186   \n",
       "bgr  -0.319937  0.214410  0.149100 -0.326339  0.326400  0.639186  1.000000   \n",
       "bu   -0.300943  0.187544  0.183970 -0.278568  0.405778  0.152186  0.127489   \n",
       "sc   -0.264695  0.127316  0.144359 -0.213513  0.230479  0.130122  0.082242   \n",
       "sod   0.323064 -0.085949 -0.103220  0.242841 -0.271316 -0.073715 -0.154393   \n",
       "pot  -0.081524  0.050148  0.066648 -0.061821  0.114427  0.181015  0.056695   \n",
       "hemo  0.609503 -0.175380 -0.279535  0.531755 -0.549697 -0.191518 -0.269149   \n",
       "\n",
       "            bu        sc       sod       pot      hemo  \n",
       "id   -0.300943 -0.264695  0.323064 -0.081524  0.609503  \n",
       "age   0.187544  0.127316 -0.085949  0.050148 -0.175380  \n",
       "bp    0.183970  0.144359 -0.103220  0.066648 -0.279535  \n",
       "sg   -0.278568 -0.213513  0.242841 -0.061821  0.531755  \n",
       "al    0.405778  0.230479 -0.271316  0.114427 -0.549697  \n",
       "su    0.152186  0.130122 -0.073715  0.181015 -0.191518  \n",
       "bgr   0.127489  0.082242 -0.154393  0.056695 -0.269149  \n",
       "bu    1.000000  0.581222 -0.307360  0.336979 -0.540641  \n",
       "sc    0.581222  1.000000 -0.624491  0.205347 -0.342079  \n",
       "sod  -0.307360 -0.624491  1.000000  0.067449  0.333614  \n",
       "pot   0.336979  0.205347  0.067449  1.000000 -0.100606  \n",
       "hemo -0.540641 -0.342079  0.333614 -0.100606  1.000000  "
      ]
     },
     "execution_count": 6,
     "metadata": {},
     "output_type": "execute_result"
    }
   ],
   "source": [
    "dataset.corr(numeric_only=True)"
   ]
  },
  {
   "cell_type": "code",
   "execution_count": 7,
   "id": "ea0f471e-cd46-402f-9370-8f6896fa1580",
   "metadata": {},
   "outputs": [
    {
     "data": {
      "text/plain": [
       "<seaborn.axisgrid.PairGrid at 0x242fff4d2a0>"
      ]
     },
     "execution_count": 7,
     "metadata": {},
     "output_type": "execute_result"
    },
    {
     "data": {
